{
 "cells": [
  {
   "cell_type": "markdown",
   "metadata": {},
   "source": [
    "# FLIGHT TAKE OFF DATA\n",
    " This data is about flights leaving from JKF ariport between Nov 2019-Dec-2020.\n",
    " \n",
    " Taxi-Out prediction has been an important concept as it helps in calculating Runway time and directly impact the cost of the flight.\n",
    " \n",
    " About the Data\n",
    " \n",
    " 1) Month = 1-12\n",
    " \n",
    " 2) Day_of_month= 1-31\n",
    " \n",
    " 3) Day_Of_Week= 1 (Monday) - 7 (Sunday)\n",
    " \n",
    " 4) Dep_Time_M =actual departure time (local, hhmm)\n",
    "  \n",
    " 5) CRS_Dep_M =scheduled departure time (local, hhmm)\n",
    " \n",
    " 6) sch_Arr =actual arrival time (local, hhmm)\n",
    " \n",
    " 7) CRS_Arr_m= scheduled arrival time (local, hhmm)\n",
    " \n",
    " 8) op_unique_Carrier= unique carrier code \"B6\" \"DL\" \"AA\" \"AS\" \"MQ\" \"9E\" \"YX\" \"HA\" \"OO\"\n",
    " \n",
    " 9) Tail_Num =plane tail number\n",
    " \n",
    " 10) Wind = Direction\n",
    " \n",
    " 11) Wind speed = In num\n",
    " \n",
    " 12) Tempratue =in celcius\n",
    " \n",
    " 13) Pressure\n",
    " \n",
    " 14) humidity\n",
    " \n",
    " 15) Arr_Delay =Difference in minutes between scheduled and actual arrival time. Early arrivals show negative numbers, in            minutes\n",
    " \n",
    " 16) Dep_Delay =Difference in minutes between scheduled and actual departure time. Early departures show negative numbers, in        minutes\n",
    " \n",
    " 17) Dest= destination IATA airport code\n",
    " \n",
    " 18) Distance =Distance between airports (miles)\n",
    " \n",
    " 19) TaxiOut(Y Dependent Var)= The time elapsed between departure from the origin airport gate and wheels off, in minutes\n",
    " "
   ]
  },
  {
   "cell_type": "markdown",
   "metadata": {},
   "source": [
    "# PURPOSE OF THIS PROJECT\n",
    "To test several models to predict Taxi_out time for JFK Airport.\n",
    "\n",
    "Taxi_out is the time aircrafts spend on the surface. The period of time when the aircraft leave the tereminal and actually takes off.\n",
    "\n",
    "Reducing the taxi_out time will help in cutting the consumption of fuel."
   ]
  },
  {
   "cell_type": "code",
   "execution_count": 1,
   "metadata": {
    "execution": {
     "iopub.execute_input": "2021-07-28T08:52:09.817082Z",
     "iopub.status.busy": "2021-07-28T08:52:09.816465Z",
     "iopub.status.idle": "2021-07-28T08:52:09.819965Z",
     "shell.execute_reply": "2021-07-28T08:52:09.819350Z",
     "shell.execute_reply.started": "2021-07-28T08:47:51.384654Z"
    },
    "papermill": {
     "duration": 0.053107,
     "end_time": "2021-07-28T08:52:09.820139",
     "exception": false,
     "start_time": "2021-07-28T08:52:09.767032",
     "status": "completed"
    },
    "tags": []
   },
   "outputs": [],
   "source": [
    "import pandas as pd\n",
    "import numpy as np\n",
    "import matplotlib.pyplot as plt"
   ]
  },
  {
   "cell_type": "code",
   "execution_count": 2,
   "metadata": {
    "execution": {
     "iopub.execute_input": "2021-07-28T08:52:09.893002Z",
     "iopub.status.busy": "2021-07-28T08:52:09.892365Z",
     "iopub.status.idle": "2021-07-28T08:52:10.140993Z",
     "shell.execute_reply": "2021-07-28T08:52:10.140513Z",
     "shell.execute_reply.started": "2021-07-28T08:47:51.399694Z"
    },
    "papermill": {
     "duration": 0.286518,
     "end_time": "2021-07-28T08:52:10.141138",
     "exception": false,
     "start_time": "2021-07-28T08:52:09.854620",
     "status": "completed"
    },
    "scrolled": true,
    "tags": []
   },
   "outputs": [
    {
     "data": {
      "text/html": [
       "<div>\n",
       "<style scoped>\n",
       "    .dataframe tbody tr th:only-of-type {\n",
       "        vertical-align: middle;\n",
       "    }\n",
       "\n",
       "    .dataframe tbody tr th {\n",
       "        vertical-align: top;\n",
       "    }\n",
       "\n",
       "    .dataframe thead th {\n",
       "        text-align: right;\n",
       "    }\n",
       "</style>\n",
       "<table border=\"1\" class=\"dataframe\">\n",
       "  <thead>\n",
       "    <tr style=\"text-align: right;\">\n",
       "      <th></th>\n",
       "      <th>MONTH</th>\n",
       "      <th>DAY_OF_MONTH</th>\n",
       "      <th>DAY_OF_WEEK</th>\n",
       "      <th>OP_UNIQUE_CARRIER</th>\n",
       "      <th>TAIL_NUM</th>\n",
       "      <th>DEST</th>\n",
       "      <th>DEP_DELAY</th>\n",
       "      <th>CRS_ELAPSED_TIME</th>\n",
       "      <th>DISTANCE</th>\n",
       "      <th>CRS_DEP_M</th>\n",
       "      <th>DEP_TIME_M</th>\n",
       "      <th>CRS_ARR_M</th>\n",
       "      <th>Temperature</th>\n",
       "      <th>Dew Point</th>\n",
       "      <th>Humidity</th>\n",
       "      <th>Wind</th>\n",
       "      <th>Wind Speed</th>\n",
       "      <th>Wind Gust</th>\n",
       "      <th>Pressure</th>\n",
       "      <th>Condition</th>\n",
       "      <th>sch_dep</th>\n",
       "      <th>sch_arr</th>\n",
       "      <th>TAXI_OUT</th>\n",
       "    </tr>\n",
       "  </thead>\n",
       "  <tbody>\n",
       "    <tr>\n",
       "      <th>0</th>\n",
       "      <td>11</td>\n",
       "      <td>1</td>\n",
       "      <td>5</td>\n",
       "      <td>B6</td>\n",
       "      <td>N828JB</td>\n",
       "      <td>CHS</td>\n",
       "      <td>-1</td>\n",
       "      <td>124</td>\n",
       "      <td>636</td>\n",
       "      <td>324</td>\n",
       "      <td>323</td>\n",
       "      <td>448</td>\n",
       "      <td>48</td>\n",
       "      <td>34</td>\n",
       "      <td>58</td>\n",
       "      <td>W</td>\n",
       "      <td>25</td>\n",
       "      <td>38</td>\n",
       "      <td>29.86</td>\n",
       "      <td>Fair / Windy</td>\n",
       "      <td>9</td>\n",
       "      <td>17</td>\n",
       "      <td>14</td>\n",
       "    </tr>\n",
       "    <tr>\n",
       "      <th>1</th>\n",
       "      <td>11</td>\n",
       "      <td>1</td>\n",
       "      <td>5</td>\n",
       "      <td>B6</td>\n",
       "      <td>N992JB</td>\n",
       "      <td>LAX</td>\n",
       "      <td>-7</td>\n",
       "      <td>371</td>\n",
       "      <td>2475</td>\n",
       "      <td>340</td>\n",
       "      <td>333</td>\n",
       "      <td>531</td>\n",
       "      <td>48</td>\n",
       "      <td>34</td>\n",
       "      <td>58</td>\n",
       "      <td>W</td>\n",
       "      <td>25</td>\n",
       "      <td>38</td>\n",
       "      <td>29.86</td>\n",
       "      <td>Fair / Windy</td>\n",
       "      <td>9</td>\n",
       "      <td>17</td>\n",
       "      <td>15</td>\n",
       "    </tr>\n",
       "    <tr>\n",
       "      <th>2</th>\n",
       "      <td>11</td>\n",
       "      <td>1</td>\n",
       "      <td>5</td>\n",
       "      <td>B6</td>\n",
       "      <td>N959JB</td>\n",
       "      <td>FLL</td>\n",
       "      <td>40</td>\n",
       "      <td>181</td>\n",
       "      <td>1069</td>\n",
       "      <td>301</td>\n",
       "      <td>341</td>\n",
       "      <td>482</td>\n",
       "      <td>48</td>\n",
       "      <td>34</td>\n",
       "      <td>58</td>\n",
       "      <td>W</td>\n",
       "      <td>25</td>\n",
       "      <td>38</td>\n",
       "      <td>29.86</td>\n",
       "      <td>Fair / Windy</td>\n",
       "      <td>9</td>\n",
       "      <td>17</td>\n",
       "      <td>22</td>\n",
       "    </tr>\n",
       "    <tr>\n",
       "      <th>3</th>\n",
       "      <td>11</td>\n",
       "      <td>1</td>\n",
       "      <td>5</td>\n",
       "      <td>B6</td>\n",
       "      <td>N999JQ</td>\n",
       "      <td>MCO</td>\n",
       "      <td>-2</td>\n",
       "      <td>168</td>\n",
       "      <td>944</td>\n",
       "      <td>345</td>\n",
       "      <td>343</td>\n",
       "      <td>513</td>\n",
       "      <td>48</td>\n",
       "      <td>34</td>\n",
       "      <td>58</td>\n",
       "      <td>W</td>\n",
       "      <td>25</td>\n",
       "      <td>38</td>\n",
       "      <td>29.86</td>\n",
       "      <td>Fair / Windy</td>\n",
       "      <td>9</td>\n",
       "      <td>17</td>\n",
       "      <td>12</td>\n",
       "    </tr>\n",
       "    <tr>\n",
       "      <th>4</th>\n",
       "      <td>11</td>\n",
       "      <td>1</td>\n",
       "      <td>5</td>\n",
       "      <td>DL</td>\n",
       "      <td>N880DN</td>\n",
       "      <td>ATL</td>\n",
       "      <td>-4</td>\n",
       "      <td>139</td>\n",
       "      <td>760</td>\n",
       "      <td>360</td>\n",
       "      <td>356</td>\n",
       "      <td>499</td>\n",
       "      <td>46</td>\n",
       "      <td>32</td>\n",
       "      <td>58</td>\n",
       "      <td>W</td>\n",
       "      <td>24</td>\n",
       "      <td>35</td>\n",
       "      <td>29.91</td>\n",
       "      <td>Fair / Windy</td>\n",
       "      <td>9</td>\n",
       "      <td>17</td>\n",
       "      <td>13</td>\n",
       "    </tr>\n",
       "  </tbody>\n",
       "</table>\n",
       "</div>"
      ],
      "text/plain": [
       "   MONTH  DAY_OF_MONTH  DAY_OF_WEEK OP_UNIQUE_CARRIER TAIL_NUM DEST  \\\n",
       "0     11             1            5                B6   N828JB  CHS   \n",
       "1     11             1            5                B6   N992JB  LAX   \n",
       "2     11             1            5                B6   N959JB  FLL   \n",
       "3     11             1            5                B6   N999JQ  MCO   \n",
       "4     11             1            5                DL   N880DN  ATL   \n",
       "\n",
       "   DEP_DELAY  CRS_ELAPSED_TIME  DISTANCE  CRS_DEP_M  DEP_TIME_M  CRS_ARR_M  \\\n",
       "0         -1               124       636        324         323        448   \n",
       "1         -7               371      2475        340         333        531   \n",
       "2         40               181      1069        301         341        482   \n",
       "3         -2               168       944        345         343        513   \n",
       "4         -4               139       760        360         356        499   \n",
       "\n",
       "   Temperature Dew Point  Humidity Wind  Wind Speed  Wind Gust  Pressure  \\\n",
       "0           48        34        58    W          25         38     29.86   \n",
       "1           48        34        58    W          25         38     29.86   \n",
       "2           48        34        58    W          25         38     29.86   \n",
       "3           48        34        58    W          25         38     29.86   \n",
       "4           46        32        58    W          24         35     29.91   \n",
       "\n",
       "      Condition  sch_dep  sch_arr  TAXI_OUT  \n",
       "0  Fair / Windy        9       17        14  \n",
       "1  Fair / Windy        9       17        15  \n",
       "2  Fair / Windy        9       17        22  \n",
       "3  Fair / Windy        9       17        12  \n",
       "4  Fair / Windy        9       17        13  "
      ]
     },
     "execution_count": 2,
     "metadata": {},
     "output_type": "execute_result"
    }
   ],
   "source": [
    "df = pd.read_csv(\"../input/flight-take-off-data-jfk-airport/M1_final.csv\")\n",
    "pd.set_option('display.max_column',None)\n",
    "df.head()"
   ]
  },
  {
   "cell_type": "code",
   "execution_count": 3,
   "metadata": {
    "execution": {
     "iopub.execute_input": "2021-07-28T08:52:10.232895Z",
     "iopub.status.busy": "2021-07-28T08:52:10.215985Z",
     "iopub.status.idle": "2021-07-28T08:52:10.256353Z",
     "shell.execute_reply": "2021-07-28T08:52:10.255815Z",
     "shell.execute_reply.started": "2021-07-28T08:47:51.777579Z"
    },
    "papermill": {
     "duration": 0.080904,
     "end_time": "2021-07-28T08:52:10.256492",
     "exception": false,
     "start_time": "2021-07-28T08:52:10.175588",
     "status": "completed"
    },
    "tags": []
   },
   "outputs": [
    {
     "name": "stdout",
     "output_type": "stream",
     "text": [
      "<class 'pandas.core.frame.DataFrame'>\n",
      "RangeIndex: 28820 entries, 0 to 28819\n",
      "Data columns (total 23 columns):\n",
      " #   Column             Non-Null Count  Dtype  \n",
      "---  ------             --------------  -----  \n",
      " 0   MONTH              28820 non-null  int64  \n",
      " 1   DAY_OF_MONTH       28820 non-null  int64  \n",
      " 2   DAY_OF_WEEK        28820 non-null  int64  \n",
      " 3   OP_UNIQUE_CARRIER  28820 non-null  object \n",
      " 4   TAIL_NUM           28820 non-null  object \n",
      " 5   DEST               28820 non-null  object \n",
      " 6   DEP_DELAY          28820 non-null  int64  \n",
      " 7   CRS_ELAPSED_TIME   28820 non-null  int64  \n",
      " 8   DISTANCE           28820 non-null  int64  \n",
      " 9   CRS_DEP_M          28820 non-null  int64  \n",
      " 10  DEP_TIME_M         28820 non-null  int64  \n",
      " 11  CRS_ARR_M          28820 non-null  int64  \n",
      " 12  Temperature        28820 non-null  int64  \n",
      " 13  Dew Point          28820 non-null  object \n",
      " 14  Humidity           28820 non-null  int64  \n",
      " 15  Wind               28818 non-null  object \n",
      " 16  Wind Speed         28820 non-null  int64  \n",
      " 17  Wind Gust          28820 non-null  int64  \n",
      " 18  Pressure           28820 non-null  float64\n",
      " 19  Condition          28820 non-null  object \n",
      " 20  sch_dep            28820 non-null  int64  \n",
      " 21  sch_arr            28820 non-null  int64  \n",
      " 22  TAXI_OUT           28820 non-null  int64  \n",
      "dtypes: float64(1), int64(16), object(6)\n",
      "memory usage: 5.1+ MB\n"
     ]
    },
    {
     "data": {
      "text/plain": [
       "(28820, 23)"
      ]
     },
     "execution_count": 3,
     "metadata": {},
     "output_type": "execute_result"
    }
   ],
   "source": [
    "df.info()\n",
    "df.shape"
   ]
  },
  {
   "cell_type": "code",
   "execution_count": 4,
   "metadata": {
    "execution": {
     "iopub.execute_input": "2021-07-28T08:52:10.336429Z",
     "iopub.status.busy": "2021-07-28T08:52:10.335754Z",
     "iopub.status.idle": "2021-07-28T08:52:10.453247Z",
     "shell.execute_reply": "2021-07-28T08:52:10.452734Z",
     "shell.execute_reply.started": "2021-07-28T08:47:51.828827Z"
    },
    "papermill": {
     "duration": 0.161392,
     "end_time": "2021-07-28T08:52:10.453400",
     "exception": false,
     "start_time": "2021-07-28T08:52:10.292008",
     "status": "completed"
    },
    "tags": []
   },
   "outputs": [
    {
     "data": {
      "text/html": [
       "<div>\n",
       "<style scoped>\n",
       "    .dataframe tbody tr th:only-of-type {\n",
       "        vertical-align: middle;\n",
       "    }\n",
       "\n",
       "    .dataframe tbody tr th {\n",
       "        vertical-align: top;\n",
       "    }\n",
       "\n",
       "    .dataframe thead th {\n",
       "        text-align: right;\n",
       "    }\n",
       "</style>\n",
       "<table border=\"1\" class=\"dataframe\">\n",
       "  <thead>\n",
       "    <tr style=\"text-align: right;\">\n",
       "      <th></th>\n",
       "      <th>MONTH</th>\n",
       "      <th>DAY_OF_MONTH</th>\n",
       "      <th>DAY_OF_WEEK</th>\n",
       "      <th>DEP_DELAY</th>\n",
       "      <th>CRS_ELAPSED_TIME</th>\n",
       "      <th>DISTANCE</th>\n",
       "      <th>CRS_DEP_M</th>\n",
       "      <th>DEP_TIME_M</th>\n",
       "      <th>CRS_ARR_M</th>\n",
       "      <th>Temperature</th>\n",
       "      <th>Dew Point</th>\n",
       "      <th>Humidity</th>\n",
       "      <th>Wind Speed</th>\n",
       "      <th>Wind Gust</th>\n",
       "      <th>Pressure</th>\n",
       "      <th>sch_dep</th>\n",
       "      <th>sch_arr</th>\n",
       "      <th>TAXI_OUT</th>\n",
       "    </tr>\n",
       "  </thead>\n",
       "  <tbody>\n",
       "    <tr>\n",
       "      <th>MONTH</th>\n",
       "      <td>1.000000</td>\n",
       "      <td>-0.007274</td>\n",
       "      <td>0.029366</td>\n",
       "      <td>0.046421</td>\n",
       "      <td>-0.016010</td>\n",
       "      <td>-0.000106</td>\n",
       "      <td>0.001732</td>\n",
       "      <td>0.002537</td>\n",
       "      <td>-0.012333</td>\n",
       "      <td>0.135832</td>\n",
       "      <td>0.135151</td>\n",
       "      <td>0.012522</td>\n",
       "      <td>-0.034989</td>\n",
       "      <td>-0.050989</td>\n",
       "      <td>-0.085342</td>\n",
       "      <td>-0.006131</td>\n",
       "      <td>-0.019737</td>\n",
       "      <td>0.018347</td>\n",
       "    </tr>\n",
       "    <tr>\n",
       "      <th>DAY_OF_MONTH</th>\n",
       "      <td>-0.007274</td>\n",
       "      <td>1.000000</td>\n",
       "      <td>-0.029732</td>\n",
       "      <td>-0.036634</td>\n",
       "      <td>0.002779</td>\n",
       "      <td>-0.002746</td>\n",
       "      <td>0.001717</td>\n",
       "      <td>0.004407</td>\n",
       "      <td>0.008533</td>\n",
       "      <td>-0.132428</td>\n",
       "      <td>-0.040094</td>\n",
       "      <td>0.096218</td>\n",
       "      <td>-0.093178</td>\n",
       "      <td>-0.088981</td>\n",
       "      <td>0.016845</td>\n",
       "      <td>-0.003392</td>\n",
       "      <td>0.002210</td>\n",
       "      <td>-0.024065</td>\n",
       "    </tr>\n",
       "    <tr>\n",
       "      <th>DAY_OF_WEEK</th>\n",
       "      <td>0.029366</td>\n",
       "      <td>-0.029732</td>\n",
       "      <td>1.000000</td>\n",
       "      <td>-0.006204</td>\n",
       "      <td>0.000413</td>\n",
       "      <td>0.002450</td>\n",
       "      <td>0.005412</td>\n",
       "      <td>0.008258</td>\n",
       "      <td>-0.003340</td>\n",
       "      <td>0.013082</td>\n",
       "      <td>-0.073823</td>\n",
       "      <td>0.001627</td>\n",
       "      <td>0.095956</td>\n",
       "      <td>0.127689</td>\n",
       "      <td>0.102294</td>\n",
       "      <td>0.024416</td>\n",
       "      <td>0.009622</td>\n",
       "      <td>0.028397</td>\n",
       "    </tr>\n",
       "    <tr>\n",
       "      <th>DEP_DELAY</th>\n",
       "      <td>0.046421</td>\n",
       "      <td>-0.036634</td>\n",
       "      <td>-0.006204</td>\n",
       "      <td>1.000000</td>\n",
       "      <td>-0.030862</td>\n",
       "      <td>-0.031501</td>\n",
       "      <td>0.102330</td>\n",
       "      <td>0.072275</td>\n",
       "      <td>0.043827</td>\n",
       "      <td>-0.032169</td>\n",
       "      <td>0.000062</td>\n",
       "      <td>-0.011771</td>\n",
       "      <td>0.067819</td>\n",
       "      <td>0.044363</td>\n",
       "      <td>-0.064993</td>\n",
       "      <td>-0.065409</td>\n",
       "      <td>-0.006974</td>\n",
       "      <td>0.034759</td>\n",
       "    </tr>\n",
       "    <tr>\n",
       "      <th>CRS_ELAPSED_TIME</th>\n",
       "      <td>-0.016010</td>\n",
       "      <td>0.002779</td>\n",
       "      <td>0.000413</td>\n",
       "      <td>-0.030862</td>\n",
       "      <td>1.000000</td>\n",
       "      <td>0.994465</td>\n",
       "      <td>-0.031249</td>\n",
       "      <td>-0.021306</td>\n",
       "      <td>0.035227</td>\n",
       "      <td>-0.016166</td>\n",
       "      <td>0.007161</td>\n",
       "      <td>0.017192</td>\n",
       "      <td>-0.013545</td>\n",
       "      <td>-0.011959</td>\n",
       "      <td>0.010223</td>\n",
       "      <td>0.083376</td>\n",
       "      <td>-0.067643</td>\n",
       "      <td>0.071007</td>\n",
       "    </tr>\n",
       "    <tr>\n",
       "      <th>DISTANCE</th>\n",
       "      <td>-0.000106</td>\n",
       "      <td>-0.002746</td>\n",
       "      <td>0.002450</td>\n",
       "      <td>-0.031501</td>\n",
       "      <td>0.994465</td>\n",
       "      <td>1.000000</td>\n",
       "      <td>-0.040889</td>\n",
       "      <td>-0.034529</td>\n",
       "      <td>0.008561</td>\n",
       "      <td>-0.010026</td>\n",
       "      <td>0.009712</td>\n",
       "      <td>0.015105</td>\n",
       "      <td>-0.010828</td>\n",
       "      <td>-0.009544</td>\n",
       "      <td>0.005744</td>\n",
       "      <td>0.059129</td>\n",
       "      <td>-0.088771</td>\n",
       "      <td>0.060006</td>\n",
       "    </tr>\n",
       "    <tr>\n",
       "      <th>CRS_DEP_M</th>\n",
       "      <td>0.001732</td>\n",
       "      <td>0.001717</td>\n",
       "      <td>0.005412</td>\n",
       "      <td>0.102330</td>\n",
       "      <td>-0.031249</td>\n",
       "      <td>-0.040889</td>\n",
       "      <td>1.000000</td>\n",
       "      <td>0.946014</td>\n",
       "      <td>0.452628</td>\n",
       "      <td>0.086636</td>\n",
       "      <td>0.001763</td>\n",
       "      <td>0.003857</td>\n",
       "      <td>0.008286</td>\n",
       "      <td>-0.009836</td>\n",
       "      <td>-0.008409</td>\n",
       "      <td>-0.025506</td>\n",
       "      <td>0.495274</td>\n",
       "      <td>0.044562</td>\n",
       "    </tr>\n",
       "    <tr>\n",
       "      <th>DEP_TIME_M</th>\n",
       "      <td>0.002537</td>\n",
       "      <td>0.004407</td>\n",
       "      <td>0.008258</td>\n",
       "      <td>0.072275</td>\n",
       "      <td>-0.021306</td>\n",
       "      <td>-0.034529</td>\n",
       "      <td>0.946014</td>\n",
       "      <td>1.000000</td>\n",
       "      <td>0.469934</td>\n",
       "      <td>0.098385</td>\n",
       "      <td>0.009103</td>\n",
       "      <td>-0.005910</td>\n",
       "      <td>0.006265</td>\n",
       "      <td>-0.014284</td>\n",
       "      <td>-0.009541</td>\n",
       "      <td>0.025737</td>\n",
       "      <td>0.544192</td>\n",
       "      <td>0.057584</td>\n",
       "    </tr>\n",
       "    <tr>\n",
       "      <th>CRS_ARR_M</th>\n",
       "      <td>-0.012333</td>\n",
       "      <td>0.008533</td>\n",
       "      <td>-0.003340</td>\n",
       "      <td>0.043827</td>\n",
       "      <td>0.035227</td>\n",
       "      <td>0.008561</td>\n",
       "      <td>0.452628</td>\n",
       "      <td>0.469934</td>\n",
       "      <td>1.000000</td>\n",
       "      <td>0.101572</td>\n",
       "      <td>-0.000503</td>\n",
       "      <td>-0.033172</td>\n",
       "      <td>0.014111</td>\n",
       "      <td>0.004470</td>\n",
       "      <td>-0.012644</td>\n",
       "      <td>0.149893</td>\n",
       "      <td>0.424299</td>\n",
       "      <td>0.071524</td>\n",
       "    </tr>\n",
       "    <tr>\n",
       "      <th>Temperature</th>\n",
       "      <td>0.135832</td>\n",
       "      <td>-0.132428</td>\n",
       "      <td>0.013082</td>\n",
       "      <td>-0.032169</td>\n",
       "      <td>-0.016166</td>\n",
       "      <td>-0.010026</td>\n",
       "      <td>0.086636</td>\n",
       "      <td>0.098385</td>\n",
       "      <td>0.101572</td>\n",
       "      <td>1.000000</td>\n",
       "      <td>0.787818</td>\n",
       "      <td>0.054392</td>\n",
       "      <td>0.010308</td>\n",
       "      <td>-0.039564</td>\n",
       "      <td>-0.376641</td>\n",
       "      <td>-0.022699</td>\n",
       "      <td>0.076055</td>\n",
       "      <td>-0.067171</td>\n",
       "    </tr>\n",
       "    <tr>\n",
       "      <th>Dew Point</th>\n",
       "      <td>0.135151</td>\n",
       "      <td>-0.040094</td>\n",
       "      <td>-0.073823</td>\n",
       "      <td>0.000062</td>\n",
       "      <td>0.007161</td>\n",
       "      <td>0.009712</td>\n",
       "      <td>0.001763</td>\n",
       "      <td>0.009103</td>\n",
       "      <td>-0.000503</td>\n",
       "      <td>0.787818</td>\n",
       "      <td>1.000000</td>\n",
       "      <td>0.195268</td>\n",
       "      <td>-0.142382</td>\n",
       "      <td>-0.163230</td>\n",
       "      <td>-0.489074</td>\n",
       "      <td>0.012910</td>\n",
       "      <td>0.003161</td>\n",
       "      <td>0.010550</td>\n",
       "    </tr>\n",
       "    <tr>\n",
       "      <th>Humidity</th>\n",
       "      <td>0.012522</td>\n",
       "      <td>0.096218</td>\n",
       "      <td>0.001627</td>\n",
       "      <td>-0.011771</td>\n",
       "      <td>0.017192</td>\n",
       "      <td>0.015105</td>\n",
       "      <td>0.003857</td>\n",
       "      <td>-0.005910</td>\n",
       "      <td>-0.033172</td>\n",
       "      <td>0.054392</td>\n",
       "      <td>0.195268</td>\n",
       "      <td>1.000000</td>\n",
       "      <td>-0.110305</td>\n",
       "      <td>-0.106833</td>\n",
       "      <td>0.033687</td>\n",
       "      <td>0.035351</td>\n",
       "      <td>-0.027038</td>\n",
       "      <td>-0.026811</td>\n",
       "    </tr>\n",
       "    <tr>\n",
       "      <th>Wind Speed</th>\n",
       "      <td>-0.034989</td>\n",
       "      <td>-0.093178</td>\n",
       "      <td>0.095956</td>\n",
       "      <td>0.067819</td>\n",
       "      <td>-0.013545</td>\n",
       "      <td>-0.010828</td>\n",
       "      <td>0.008286</td>\n",
       "      <td>0.006265</td>\n",
       "      <td>0.014111</td>\n",
       "      <td>0.010308</td>\n",
       "      <td>-0.142382</td>\n",
       "      <td>-0.110305</td>\n",
       "      <td>1.000000</td>\n",
       "      <td>0.698831</td>\n",
       "      <td>-0.309881</td>\n",
       "      <td>-0.025098</td>\n",
       "      <td>-0.013425</td>\n",
       "      <td>0.062942</td>\n",
       "    </tr>\n",
       "    <tr>\n",
       "      <th>Wind Gust</th>\n",
       "      <td>-0.050989</td>\n",
       "      <td>-0.088981</td>\n",
       "      <td>0.127689</td>\n",
       "      <td>0.044363</td>\n",
       "      <td>-0.011959</td>\n",
       "      <td>-0.009544</td>\n",
       "      <td>-0.009836</td>\n",
       "      <td>-0.014284</td>\n",
       "      <td>0.004470</td>\n",
       "      <td>-0.039564</td>\n",
       "      <td>-0.163230</td>\n",
       "      <td>-0.106833</td>\n",
       "      <td>0.698831</td>\n",
       "      <td>1.000000</td>\n",
       "      <td>-0.186223</td>\n",
       "      <td>-0.023225</td>\n",
       "      <td>-0.016566</td>\n",
       "      <td>0.095764</td>\n",
       "    </tr>\n",
       "    <tr>\n",
       "      <th>Pressure</th>\n",
       "      <td>-0.085342</td>\n",
       "      <td>0.016845</td>\n",
       "      <td>0.102294</td>\n",
       "      <td>-0.064993</td>\n",
       "      <td>0.010223</td>\n",
       "      <td>0.005744</td>\n",
       "      <td>-0.008409</td>\n",
       "      <td>-0.009541</td>\n",
       "      <td>-0.012644</td>\n",
       "      <td>-0.376641</td>\n",
       "      <td>-0.489074</td>\n",
       "      <td>0.033687</td>\n",
       "      <td>-0.309881</td>\n",
       "      <td>-0.186223</td>\n",
       "      <td>1.000000</td>\n",
       "      <td>0.051281</td>\n",
       "      <td>-0.006626</td>\n",
       "      <td>-0.059530</td>\n",
       "    </tr>\n",
       "    <tr>\n",
       "      <th>sch_dep</th>\n",
       "      <td>-0.006131</td>\n",
       "      <td>-0.003392</td>\n",
       "      <td>0.024416</td>\n",
       "      <td>-0.065409</td>\n",
       "      <td>0.083376</td>\n",
       "      <td>0.059129</td>\n",
       "      <td>-0.025506</td>\n",
       "      <td>0.025737</td>\n",
       "      <td>0.149893</td>\n",
       "      <td>-0.022699</td>\n",
       "      <td>0.012910</td>\n",
       "      <td>0.035351</td>\n",
       "      <td>-0.025098</td>\n",
       "      <td>-0.023225</td>\n",
       "      <td>0.051281</td>\n",
       "      <td>1.000000</td>\n",
       "      <td>0.036209</td>\n",
       "      <td>0.190374</td>\n",
       "    </tr>\n",
       "    <tr>\n",
       "      <th>sch_arr</th>\n",
       "      <td>-0.019737</td>\n",
       "      <td>0.002210</td>\n",
       "      <td>0.009622</td>\n",
       "      <td>-0.006974</td>\n",
       "      <td>-0.067643</td>\n",
       "      <td>-0.088771</td>\n",
       "      <td>0.495274</td>\n",
       "      <td>0.544192</td>\n",
       "      <td>0.424299</td>\n",
       "      <td>0.076055</td>\n",
       "      <td>0.003161</td>\n",
       "      <td>-0.027038</td>\n",
       "      <td>-0.013425</td>\n",
       "      <td>-0.016566</td>\n",
       "      <td>-0.006626</td>\n",
       "      <td>0.036209</td>\n",
       "      <td>1.000000</td>\n",
       "      <td>0.064193</td>\n",
       "    </tr>\n",
       "    <tr>\n",
       "      <th>TAXI_OUT</th>\n",
       "      <td>0.018347</td>\n",
       "      <td>-0.024065</td>\n",
       "      <td>0.028397</td>\n",
       "      <td>0.034759</td>\n",
       "      <td>0.071007</td>\n",
       "      <td>0.060006</td>\n",
       "      <td>0.044562</td>\n",
       "      <td>0.057584</td>\n",
       "      <td>0.071524</td>\n",
       "      <td>-0.067171</td>\n",
       "      <td>0.010550</td>\n",
       "      <td>-0.026811</td>\n",
       "      <td>0.062942</td>\n",
       "      <td>0.095764</td>\n",
       "      <td>-0.059530</td>\n",
       "      <td>0.190374</td>\n",
       "      <td>0.064193</td>\n",
       "      <td>1.000000</td>\n",
       "    </tr>\n",
       "  </tbody>\n",
       "</table>\n",
       "</div>"
      ],
      "text/plain": [
       "                     MONTH  DAY_OF_MONTH  DAY_OF_WEEK  DEP_DELAY  \\\n",
       "MONTH             1.000000     -0.007274     0.029366   0.046421   \n",
       "DAY_OF_MONTH     -0.007274      1.000000    -0.029732  -0.036634   \n",
       "DAY_OF_WEEK       0.029366     -0.029732     1.000000  -0.006204   \n",
       "DEP_DELAY         0.046421     -0.036634    -0.006204   1.000000   \n",
       "CRS_ELAPSED_TIME -0.016010      0.002779     0.000413  -0.030862   \n",
       "DISTANCE         -0.000106     -0.002746     0.002450  -0.031501   \n",
       "CRS_DEP_M         0.001732      0.001717     0.005412   0.102330   \n",
       "DEP_TIME_M        0.002537      0.004407     0.008258   0.072275   \n",
       "CRS_ARR_M        -0.012333      0.008533    -0.003340   0.043827   \n",
       "Temperature       0.135832     -0.132428     0.013082  -0.032169   \n",
       "Dew Point         0.135151     -0.040094    -0.073823   0.000062   \n",
       "Humidity          0.012522      0.096218     0.001627  -0.011771   \n",
       "Wind Speed       -0.034989     -0.093178     0.095956   0.067819   \n",
       "Wind Gust        -0.050989     -0.088981     0.127689   0.044363   \n",
       "Pressure         -0.085342      0.016845     0.102294  -0.064993   \n",
       "sch_dep          -0.006131     -0.003392     0.024416  -0.065409   \n",
       "sch_arr          -0.019737      0.002210     0.009622  -0.006974   \n",
       "TAXI_OUT          0.018347     -0.024065     0.028397   0.034759   \n",
       "\n",
       "                  CRS_ELAPSED_TIME  DISTANCE  CRS_DEP_M  DEP_TIME_M  \\\n",
       "MONTH                    -0.016010 -0.000106   0.001732    0.002537   \n",
       "DAY_OF_MONTH              0.002779 -0.002746   0.001717    0.004407   \n",
       "DAY_OF_WEEK               0.000413  0.002450   0.005412    0.008258   \n",
       "DEP_DELAY                -0.030862 -0.031501   0.102330    0.072275   \n",
       "CRS_ELAPSED_TIME          1.000000  0.994465  -0.031249   -0.021306   \n",
       "DISTANCE                  0.994465  1.000000  -0.040889   -0.034529   \n",
       "CRS_DEP_M                -0.031249 -0.040889   1.000000    0.946014   \n",
       "DEP_TIME_M               -0.021306 -0.034529   0.946014    1.000000   \n",
       "CRS_ARR_M                 0.035227  0.008561   0.452628    0.469934   \n",
       "Temperature              -0.016166 -0.010026   0.086636    0.098385   \n",
       "Dew Point                 0.007161  0.009712   0.001763    0.009103   \n",
       "Humidity                  0.017192  0.015105   0.003857   -0.005910   \n",
       "Wind Speed               -0.013545 -0.010828   0.008286    0.006265   \n",
       "Wind Gust                -0.011959 -0.009544  -0.009836   -0.014284   \n",
       "Pressure                  0.010223  0.005744  -0.008409   -0.009541   \n",
       "sch_dep                   0.083376  0.059129  -0.025506    0.025737   \n",
       "sch_arr                  -0.067643 -0.088771   0.495274    0.544192   \n",
       "TAXI_OUT                  0.071007  0.060006   0.044562    0.057584   \n",
       "\n",
       "                  CRS_ARR_M  Temperature  Dew Point  Humidity  Wind Speed  \\\n",
       "MONTH             -0.012333     0.135832   0.135151  0.012522   -0.034989   \n",
       "DAY_OF_MONTH       0.008533    -0.132428  -0.040094  0.096218   -0.093178   \n",
       "DAY_OF_WEEK       -0.003340     0.013082  -0.073823  0.001627    0.095956   \n",
       "DEP_DELAY          0.043827    -0.032169   0.000062 -0.011771    0.067819   \n",
       "CRS_ELAPSED_TIME   0.035227    -0.016166   0.007161  0.017192   -0.013545   \n",
       "DISTANCE           0.008561    -0.010026   0.009712  0.015105   -0.010828   \n",
       "CRS_DEP_M          0.452628     0.086636   0.001763  0.003857    0.008286   \n",
       "DEP_TIME_M         0.469934     0.098385   0.009103 -0.005910    0.006265   \n",
       "CRS_ARR_M          1.000000     0.101572  -0.000503 -0.033172    0.014111   \n",
       "Temperature        0.101572     1.000000   0.787818  0.054392    0.010308   \n",
       "Dew Point         -0.000503     0.787818   1.000000  0.195268   -0.142382   \n",
       "Humidity          -0.033172     0.054392   0.195268  1.000000   -0.110305   \n",
       "Wind Speed         0.014111     0.010308  -0.142382 -0.110305    1.000000   \n",
       "Wind Gust          0.004470    -0.039564  -0.163230 -0.106833    0.698831   \n",
       "Pressure          -0.012644    -0.376641  -0.489074  0.033687   -0.309881   \n",
       "sch_dep            0.149893    -0.022699   0.012910  0.035351   -0.025098   \n",
       "sch_arr            0.424299     0.076055   0.003161 -0.027038   -0.013425   \n",
       "TAXI_OUT           0.071524    -0.067171   0.010550 -0.026811    0.062942   \n",
       "\n",
       "                  Wind Gust  Pressure   sch_dep   sch_arr  TAXI_OUT  \n",
       "MONTH             -0.050989 -0.085342 -0.006131 -0.019737  0.018347  \n",
       "DAY_OF_MONTH      -0.088981  0.016845 -0.003392  0.002210 -0.024065  \n",
       "DAY_OF_WEEK        0.127689  0.102294  0.024416  0.009622  0.028397  \n",
       "DEP_DELAY          0.044363 -0.064993 -0.065409 -0.006974  0.034759  \n",
       "CRS_ELAPSED_TIME  -0.011959  0.010223  0.083376 -0.067643  0.071007  \n",
       "DISTANCE          -0.009544  0.005744  0.059129 -0.088771  0.060006  \n",
       "CRS_DEP_M         -0.009836 -0.008409 -0.025506  0.495274  0.044562  \n",
       "DEP_TIME_M        -0.014284 -0.009541  0.025737  0.544192  0.057584  \n",
       "CRS_ARR_M          0.004470 -0.012644  0.149893  0.424299  0.071524  \n",
       "Temperature       -0.039564 -0.376641 -0.022699  0.076055 -0.067171  \n",
       "Dew Point         -0.163230 -0.489074  0.012910  0.003161  0.010550  \n",
       "Humidity          -0.106833  0.033687  0.035351 -0.027038 -0.026811  \n",
       "Wind Speed         0.698831 -0.309881 -0.025098 -0.013425  0.062942  \n",
       "Wind Gust          1.000000 -0.186223 -0.023225 -0.016566  0.095764  \n",
       "Pressure          -0.186223  1.000000  0.051281 -0.006626 -0.059530  \n",
       "sch_dep           -0.023225  0.051281  1.000000  0.036209  0.190374  \n",
       "sch_arr           -0.016566 -0.006626  0.036209  1.000000  0.064193  \n",
       "TAXI_OUT           0.095764 -0.059530  0.190374  0.064193  1.000000  "
      ]
     },
     "execution_count": 4,
     "metadata": {},
     "output_type": "execute_result"
    }
   ],
   "source": [
    "df[\"Dew Point\"] = df[\"Dew Point\"].astype(int)\n",
    "df = df.dropna()\n",
    "df.corr()"
   ]
  },
  {
   "cell_type": "code",
   "execution_count": 5,
   "metadata": {
    "execution": {
     "iopub.execute_input": "2021-07-28T08:52:10.531685Z",
     "iopub.status.busy": "2021-07-28T08:52:10.531016Z",
     "iopub.status.idle": "2021-07-28T08:52:10.921314Z",
     "shell.execute_reply": "2021-07-28T08:52:10.920717Z",
     "shell.execute_reply.started": "2021-07-28T08:47:51.975268Z"
    },
    "papermill": {
     "duration": 0.432458,
     "end_time": "2021-07-28T08:52:10.921508",
     "exception": false,
     "start_time": "2021-07-28T08:52:10.489050",
     "status": "completed"
    },
    "tags": []
   },
   "outputs": [
    {
     "data": {
      "text/plain": [
       "<AxesSubplot:title={'center':'Correlation of features with TAXI_OUT'}>"
      ]
     },
     "execution_count": 5,
     "metadata": {},
     "output_type": "execute_result"
    },
    {
     "data": {
